20
73 26
5 8 4 54214
497151700 96511
9 7 6 999919625
693840425 90561
2 6 7 999957328
186 75
68 16 539 186
137 49
48 17 461 137
1000000000 100000
999999999 1 999999999 1000000000
59 26
14 19 681 59
254 99
1 8 9 74990
97 39
34 37 656 97
112 73
1 5 3 64100
714311129 39521
9 5 9 999998192
1000000000 1
12 7 74 12
977365070 59489
8 5 9 999966210
78 51
3 5 5 51230
177 73
7 7 5 56401
1000000000 100000
1 1 1 1000000000
110 53
7 7 1 64417
82 81
58 56 739 82
1000000000 100000
100000 1 0 1000000000
22 21
1 4 869 22
